15 4
1 -0.014876 -0.229356 0.023806 0.067841 
2 -0.211348 0.036744 -0.099373 0.013532 
3 0.231535 0.027110 -0.170617 -0.010041 
4 0.052033 0.009098 -0.013410 -0.097127 
5 0.077289 0.022158 -0.207640 0.021235 
6 -0.240299 0.006905 -0.202974 -0.020711 
7 0.006990 0.226572 -0.006636 0.162136 
8 0.086941 0.045041 -0.167648 -0.092316 
9 -0.020622 0.001998 0.192480 -0.011041 
10 0.053884 -0.157959 -0.018872 -0.112976 
11 -0.125813 0.202160 0.115976 -0.054787 
12 -0.090532 -0.118860 0.091723 0.145099 
13 0.166208 -0.120442 0.130763 0.087454 
14 -0.084446 -0.048270 0.149799 -0.000930 
15 0.194755 -0.016566 0.135677 -0.178469 
